5.596341030914703252e-01 4.652051117736954317e-02 1.353917456837259170e+00 1.107382654015583334e+00 1.287579207268126025e+00 -2.369124301302596991e-01 4.190245729752090642e-01 2.433629215088432829e-01 1.349415410262253978e+00 2.503187533733144399e-01 -1.960388370352331433e-01 4.816049039420460670e-02 3.346283272501087702e-01 -3.493195982555154146e-03 9.367923784182866642e-01 1.274667092434251137e+00 -4.957966837064746168e-01 -3.017679242347115487e-01 1.364395591636488048e+00 1.396909550786375132e+00 3.759762787566339193e-01
3.690074639860712602e-01 -2.300503916566350726e-01 -7.187625906077668159e-01 -7.725923409661219488e-01 -4.820370712453177497e-01 4.600743754905224914e-01 9.723116786812749379e-02 -1.074163942297071905e+00 -7.045320346086405561e-01 2.603541589291307745e-01 5.813541399628374684e-01 1.100933188830512943e-01 -4.191760043467298580e-01 -5.508452864954223038e-01 -4.463805470764392047e-01 3.923617620901817538e-01 -7.160261195499066922e-01 -8.641090694381063919e-01 -7.082857220230478479e-01 -8.278961853258282044e-01 -6.947881041855541451e-01
-5.860587217117326775e-01 3.037868567739064884e-01 3.389155962954109591e-01 -1.615216858366281261e-01 5.425787592783312130e-01 -6.196884914354799934e-01 4.026277539432611408e-02 -9.563175215846354549e-01 -5.281764018337369304e-01 -5.372769106777359749e-01 -9.894584698442929205e-02 -5.670551815165723042e-01 -8.742801667106915309e-01 -9.911120290818956624e-01 -9.852192719177118585e-01 -6.298975980889314208e-01 -1.289443946368260097e+00 -9.630480221321314760e-01 -1.336161278323589885e+00 -7.636283393951689979e-02 -3.393584197925409440e-01
3.637243822066024146e-01 5.692313852348620529e-01 4.912791005389425258e-01 2.887813934244768399e-01 -7.812635249121453462e-01 -6.117685296810011497e-01 7.287697574132028233e-01 -7.672427465797329038e-01 -1.079580032573596249e+00 -2.143504127006923554e-01 -7.684098818349673898e-01 2.066943664530265790e-01 -6.234270746381860295e-01 -2.807430247680738344e-01 -2.475262394253498477e-01 -9.254194634319139467e-01 6.418246133984717439e-01 -1.017993556571508362e+00 -1.021953217800886771e+00 3.355390541409938310e-01 -2.621534492709757802e-01
5.851497412228330308e-01 -2.126243514664925838e-01 1.055739576283739600e-01 -7.392693569406316723e-01 -1.189667116198956931e+00 -1.310891214894304158e+00 -1.332964162622821414e-01 6.127366089095933610e-01 -1.282977411751735408e+00 -1.319600089245204222e+00 4.218840274014633968e-04 -2.156504310453582207e-01 -9.901722021046626132e-01 -5.203996671529771412e-01 -8.941779756975887228e-01 4.539578973175500409e-01 5.506179437004816712e-01 -7.088428447779986374e-01 -7.178951685361124602e-01 -3.248853147023468835e-01 6.058197530234274986e-01
5.213126620125647648e-01 -2.061916842299725272e-01 8.416363580931952582e-01 6.387944860678314019e-01 -5.380269133048850572e-01 7.805675970306623357e-02 -8.997049445793233943e-03 1.299058636200833394e+00 1.172010182469770623e+00 1.556770712587939864e-01 -3.499827526035639291e-01 9.386557921433252849e-01 6.946554265727955535e-01 -6.003631530064587052e-01 6.786885729952710777e-01 -4.724584580908401943e-01 8.860651250035843640e-01 -6.011365612177538287e-01 -3.080631357572329310e-01 1.133895652113549701e+00 -1.994674468264991674e-01
-4.215806846657398077e-02 -1.107936648241638400e+00 -1.566000516399717490e+00 -1.222824396315059375e-01 -8.059276795554570771e-01 -1.245923465293508059e+00 -4.918350174833398258e-02 -9.456630973312559613e-03 -5.283879471862582555e-01 -7.581627376641639771e-01 -4.107172882021701832e-01 -1.878272372062593232e-01 -1.248617422348386352e+00 -1.431583968509234417e+00 -1.310766525012820594e-01 -6.338279222523265366e-01 -1.415466061697451539e-01 -2.685926110591415061e-01 -1.196625148002975259e+00 -9.306947638755469487e-01 -6.670876633890736596e-01
9.997627352800703138e-02 -4.349509671304977593e-02 3.999061678098428385e-02 -1.165597785824775467e+00 -2.648058203675894284e-01 -4.783720112357755516e-01 -1.183289366189434588e+00 -3.591565115686438658e-01 -5.051188602013454432e-01 7.080479854431194486e-02 -6.383307297503496569e-01 -1.091608467224341350e+00 -1.746549827638957109e-01 3.524978361058040965e-01 4.412967091960280364e-01 2.659518433760145184e-01 -9.646899383246524406e-01 -3.452310465568656506e-01 6.487489011043473530e-01 3.063369992330341463e-01 -1.011051025852902407e+00
-2.268641365030666379e-01 2.897240339347709748e-01 -1.040882239118919375e-02 4.602944886923375778e-01 -1.140848071474621861e+00 -1.147243439463939696e+00 -6.454163840249750317e-01 -1.009423239851369836e+00 -1.116021619246351015e+00 7.658409311347144088e-01 5.573497607552572314e-02 -7.061870046673163204e-01 3.067571148182784979e-01 -1.491163008007356239e-01 -8.467784541937982412e-02 -7.235480233305809916e-01 5.990508046796514524e-02 -1.025729805254301796e+00 7.230742321250084315e-01 2.702599418184691293e-01 6.024144870500628413e-01
-1.103345784916052452e-01 -2.859317880173210535e-01 5.154562736517721844e-02 -1.339072160931525701e+00 -9.813365618945512070e-01 -1.044592130130651275e-01 1.957502370333808611e-02 3.833557200283553845e-01 3.949867270487071869e-01 5.214478134867831516e-01 2.658323168932151814e-01 -1.099796366957933147e+00 -8.489638822053794387e-01 4.757179114263576092e-01 5.100322214224395356e-02 4.133486677713668622e-01 -1.261383915917247522e+00 -9.080544906710797948e-01 4.879769364895449879e-01 -1.058759941506330682e+00 -1.231882608302414805e+00
