8.765415472947097886e-01 -1.498511937420935691e+00 -5.990499595806289546e-03 1.317029265415828210e+00 5.709732849348605477e-01 1.160282478446914567e+00 -3.361376137850579648e-01 -4.677924076156875222e-01 2.290044691229754514e-01 1.041989198414209478e-01
5.284695873433702396e-01 -7.113801204272147682e-01 -2.780760939079928162e-01 -5.565445886952159749e-02 7.321535926001754291e-01 3.865488426778047049e-01 -7.085802968636147892e-01 -6.619681347782908620e-01 -1.006752242066199399e+00 -8.247380677864897536e-02
6.773941457323851001e-01 9.924529936447276102e-01 7.801591519631552174e-01 -7.290545515612288918e-01 -9.055602207894938305e-01 -3.854699038760950325e-01 -4.072986983150552187e-01 1.174150880179520434e-01 -1.008684036613315405e-01 -7.825558980896668571e-01
-5.800515399068348898e-01 -5.564679671000118955e-01 -4.710956850881172775e-01 3.355075604016400370e-01 4.779882850635012170e-01 4.148060416720186216e-01 -1.181489504421956438e+00 2.373809703622397627e-01 -8.713118568517651541e-01 9.924714489486484714e-01
1.570087481904282045e-01 -1.282506109427288710e+00 -8.763252555685989431e-02 9.075059023273253089e-01 5.492119222040054982e-01 7.627011088547290818e-01 3.625786598876286626e-01 -3.308221752242645475e-01 -1.161095304356038138e+00 1.295034216846787434e+00
-1.009733693298948791e-02 4.103708139921293657e-02 2.707466926801815887e-01 -2.777926902005893317e-01 -7.589343296330930411e-02 6.442220277712171761e-01 -2.987232497480179494e-01 -5.099299220870859850e-01 7.491027042370940886e-03 1.504203265944743517e-01
-2.951370339134811727e-01 -5.352198542644349688e-01 6.429466090594151972e-03 5.409432792854470401e-02 3.138057721460416668e-03 8.102846658701959859e-01 -1.473569101637024925e+00 1.312087853717145203e+00 1.691112995895384385e-01 -3.527338135400190922e-01
1.040079598378466225e-01 1.026726400305742581e+00 8.650666359806091776e-01 4.766818763402807524e-01 -9.476816864787258599e-01 4.964927602011516283e-01 2.293902574253626481e-01 5.176453516804175869e-01 -3.112825297885101206e-01 6.667060273917539970e-01
9.911250442450622034e-01 -1.268653478030120629e+00 1.524441366969851441e-01 -2.237695776603071951e-01 9.313758982557923671e-01 1.159592905169979593e+00 -1.613654760561352569e-02 1.834122518716191919e-01 2.546281801072777101e-02 8.319445937423824988e-01
8.812049416879411678e-01 -1.334634944543230617e+00 -1.025767779331217433e+00 1.273771389323460568e+00 5.896973889193434237e-01 7.182372341871664512e-01 -1.326541261243232572e+00 2.141860064961293997e-01 -3.469174923015956868e-01 3.284227093100117734e-01
